6
67
21, 20
37 0 0 0 0 0 0 0 0 0 3 0 0 0 0 0 0 0 0 0 11
0 37 0 0 0 0 44 0 0 0 0 53 0 0 0 0 0 0 0 0 16
0 0 0 0 0 0 0 35 0 0 0 53 0 0 0 0 0 0 0 0 61
0 0 61 0 0 0 0 0 35 0 0 0 0 0 0 0 0 0 0 0 41
0 0 0 12 0 0 0 0 0 0 0 0 2 0 0 0 0 0 0 0 54
0 14 0 0 0 0 0 0 0 0 0 0 2 0 0 0 0 0 0 0 5
0 0 0 0 57 6 0 0 0 0 0 0 0 0 0 0 0 0 0 0 47
0 0 0 0 0 0 0 36 0 0 0 0 0 46 0 0 0 0 0 0 10
0 0 0 0 0 0 0 0 36 0 0 0 0 0 46 0 0 0 0 0 60
0 0 0 34 0 0 0 0 0 0 0 0 0 46 0 0 0 0 0 0 49
0 0 0 0 0 0 0 0 0 0 0 0 0 0 46 49 0 0 0 0 11
0 0 0 0 0 0 0 0 0 0 0 0 0 0 0 49 7 0 0 0 16
0 0 0 0 0 0 0 8 0 0 0 0 0 0 0 0 7 0 0 0 3
0 0 0 0 62 0 0 0 8 0 0 0 0 0 0 0 0 0 0 0 34
0 0 0 0 0 0 16 0 0 0 0 0 0 0 0 0 0 63 0 0 58
5 0 0 0 0 0 0 0 0 0 0 0 0 0 0 0 0 63 0 0 25
0 0 0 0 0 0 0 0 0 39 0 0 0 0 0 0 0 0 15 0 2
0 0 52 0 0 0 0 0 0 0 0 0 0 0 0 0 0 0 15 0 58
0 0 0 0 0 0 4 0 0 15 0 0 0 0 0 0 0 0 0 0 51
0 0 0 0 0 59 0 0 0 0 0 0 0 0 0 0 0 0 0 5 19
0 0 0 0 0 0 0 0 0 21 15 0 0 0 0 0 0 0 0 5 32
